385464165
515174070
258936648
893566027
454587063
571201689
386297108
579937277
981858960
918467939
862402293
573182070
353047655
684060870
603623398
945065546
825344297
131083048
628045478
377903781
487967300
777906203
513582673
052486534
807572405
136369959
704441601
034298369
759103531
043576902
084938295
537759433
131222822
247244404
906786145
981611196
705483678
063293659
457515572
909377741
815334275
148390627
396220749
561906857
939614427
566987482
599092722
123030014
262569309
338442515
465700355
210635621
324996391
449133081
006112831
389060096
307201836
550253574
350214089
924821894
491046185
879369045
688978308
758532097
024061864
433230121
600067979
446742665
349761878
100756591
377378969
404768426
145872257
496624144
573659815
269733333
644645359
078953653
292149223
682469714
966070446
463243342
801702700
209348208
311985615
015607444
424251548
137976687
576764831
849283353
230138519
363430968
265640023
261729373
384549492
282997014
250053285
677109976
540957428
195057027
